   2.0000000e+00  -6.0467178e-01   6.6035209e-03   6.5262967e-01  -8.7453847e-02   1.4602463e+00  -2.2669634e+00
   2.0000000e+00  -9.2637977e-01  -9.2801273e-01  -1.5829674e+00   9.9315220e-01   1.9192927e+00  -1.7740429e+00
   2.0000000e+00   1.9131151e+00  -1.8096614e+00   4.5638518e-01   3.0933660e-01  -4.1878147e-01   5.6107707e-01
   2.0000000e+00  -1.7923580e+00   1.4766469e+00   8.9195252e-01   2.3363045e-01   3.1809405e-01   3.7276654e-01
   2.0000000e+00  -5.4622556e-01  -2.5034971e+00   7.2098408e-01  -5.7364548e-01   5.4774825e-01  -2.8219899e-01
   2.0000000e+00   4.1872708e-01   2.0198818e-01   4.7469890e-01   1.5055046e+00   2.6934609e+00  -2.9047070e+00
   2.0000000e+00   4.9847221e-01   1.0913897e-01  -7.5010249e-01  -7.0597353e-01  -8.3808492e-01  -6.4378709e-01
   2.0000000e+00  -5.6436605e-01   1.1872908e+00  -7.3485187e-01  -5.9952211e-01  -2.2326501e-01  -1.3141374e-01
   2.0000000e+00   5.2287533e-01   9.7388583e-01  -9.3475806e-01  -2.3697313e-01   1.1100966e+00  -3.9727151e-01
   2.0000000e+00   1.9563762e-01  -6.0414921e-01  -7.9478280e-01  -7.7880356e-01  -2.1968305e+00   2.9329191e+00
   2.0000000e+00   2.1983236e+00   1.3110153e+00   4.6910752e-01   7.7844489e-01  -6.7575474e-01  -1.6939877e+00
   2.0000000e+00   1.1843887e+00  -9.6713080e-01  -2.2102748e-01   4.7172483e-01  -1.0237965e+00  -2.8849499e-01
   2.0000000e+00   1.2777417e+00  -5.1509794e-01  -7.1572663e-01  -3.8779668e-01  -1.3008230e-01  -9.1914892e-01
   2.0000000e+00   2.6710682e-01  -1.2985178e-01   6.9153608e-02   3.3868343e-01  -6.5284448e-01   1.1806400e+00
   2.0000000e+00  -2.2126882e-01   2.2195579e-01   2.4007114e-01  -9.9549307e-01   5.0432922e-01  -9.0028596e-01
   2.0000000e+00   4.7537520e-01  -4.4620604e-02  -2.2664185e-02   9.2967024e-02   1.0676182e+00  -1.0354451e-01
   1.0000000e+00  -3.1663041e-02   8.0316830e-02  -7.0398568e-01   8.3965416e-01   1.5605039e+00   1.1554654e-01
   2.0000000e+00  -1.1045901e+00   4.0868641e-01  -1.2733170e+00   3.8981197e-01  -8.9349843e-01  -1.5704159e+00
   2.0000000e+00   1.0369261e-01  -1.6375944e+00  -3.7728530e-01   2.0864906e+00   1.7432496e-01  -7.9332340e-01
   2.0000000e+00  -1.9908284e-01   1.1984388e+00  -6.5442829e-02   1.1758164e-01  -1.9918707e+00  -2.7770229e-01
   2.0000000e+00   5.9953441e-01  -2.3193906e+00   6.3318686e-01  -1.8163402e+00  -3.1408262e-01   5.1002021e-01
   2.0000000e+00   1.2119928e-01  -8.5198840e-01  -1.9027609e-01   2.5516775e-01  -6.2849345e-01   1.5978711e+00
   2.0000000e+00   5.6521165e-01   1.4155907e+00   4.3888670e-01  -1.2661523e+00   1.6696601e+00   2.5958586e+00
   2.0000000e+00   4.5961544e-01  -3.3075064e-01  -4.3752094e-01   6.8223045e-01  -5.2513619e-01   1.2598662e+00
   1.0000000e+00  -7.6920345e-02  -6.2516362e-01   1.4953098e+00  -1.2360127e+00  -7.1607190e-01   1.2827810e-01
   2.0000000e+00   8.1413231e-01   1.5328560e-01   2.1950872e-01   2.4818045e-01  -2.4162324e-01  -1.0576305e+00
   1.0000000e+00   8.1354966e-01  -2.6326086e-01  -2.5932844e-01   7.8287146e-01   4.0000500e-01   8.1961627e-01
   2.0000000e+00   7.3303440e-01   8.1126792e-01  -1.8919342e+00  -3.1977181e-01   6.3103919e-02   1.3398212e+00
   2.0000000e+00  -1.2849477e+00   1.2112635e+00   1.4974263e+00   6.7046389e-01   5.9224625e-01  -1.1070622e+00
   2.0000000e+00  -1.0538164e-01   1.6756290e+00   5.6490293e-01   1.3500737e+00   4.3839508e-02  -1.3153977e+00
   1.0000000e+00   5.8588551e-01  -7.0094373e-01   1.0842015e+00   6.0842211e-01  -1.1101187e+00   1.5770948e-01
   2.0000000e+00  -3.8383670e-01  -7.8795880e-01  -1.5265709e-01   7.4435291e-01   1.0706115e+00  -1.8838623e+00
   1.0000000e+00  -2.2640526e+00  -2.2700828e-01   1.2314931e-01  -1.0305011e+00   8.7948451e-01   7.4982313e-01
   1.0000000e+00   7.2916441e-01   5.0262572e-01  -1.4523354e-01   7.8910050e-02   7.8102871e-01   2.1803992e-01
   2.0000000e+00  -6.1362813e-01   1.3953301e+00  -9.0445029e-01   7.5396218e-01   2.9798154e-01  -1.8507672e+00
   2.0000000e+00   3.9269931e-01  -1.7378696e+00   7.2667943e-02  -1.1029960e+00  -4.3901414e-03  -5.6629774e-01
   2.0000000e+00   7.1307078e-01   7.7097397e-01  -6.7744328e-01  -4.9276043e-01   1.6798542e+00  -5.3461443e-01
   2.0000000e+00   1.7548170e+00   1.6279167e-01   3.1048058e-01  -8.3696956e-01  -6.8486452e-01   1.2319359e+00
   2.0000000e+00  -3.0590785e-01   5.2192211e-01  -3.0129365e+00   2.0714717e-01  -1.1116519e+00  -8.3081009e-02
   2.0000000e+00   1.3493872e+00   1.9683933e+00  -7.1061963e-01  -9.3481768e-01   2.3747576e-02   7.1215790e-01
   2.0000000e+00  -1.6833014e-01  -3.0029165e-01  -1.7160221e+00   1.0627758e+00   1.7311791e+00  -2.3887457e+00
   2.0000000e+00   5.9653530e-01  -7.3274346e-01  -1.5012260e+00   1.3191668e+00  -8.8118505e-01  -3.3041054e-01
   2.0000000e+00  -1.2317392e+00   4.0456452e-01  -5.4569728e-01  -3.9155601e-01   8.6383606e-02  -2.3628401e+00
   2.0000000e+00  -4.6912216e-01   1.3309205e+00   2.7317485e-01   1.0699866e+00   1.5496005e-01  -4.4190516e-01
   2.0000000e+00   1.1734815e+00   4.9401203e-01  -3.9705020e-01  -8.6811147e-01   3.6836139e-01  -3.5566587e-01
   2.0000000e+00  -1.1355338e+00   1.3952265e+00  -1.3726056e+00   8.5322985e-01   3.8247656e-01   2.2856475e-01
   1.0000000e+00   7.7853206e-01  -4.0245877e-01   1.2735095e+00   1.1644916e+00  -8.4444699e-01   3.9834919e-01
   2.0000000e+00  -6.4346750e-01  -6.8547131e-01  -9.4140608e-01  -1.1134997e+00   2.4548711e-01  -1.4935163e-02
   2.0000000e+00   5.0754860e-01   7.9848257e-01  -9.3134183e-01  -1.0059792e+00   2.5736247e-01  -1.2922789e+00
   2.0000000e+00  -2.1461894e+00  -9.3354242e-01   2.7155448e-01   1.1675706e+00  -1.4577209e+00  -1.2789138e+00
   2.0000000e+00  -3.8861154e-01  -3.8646508e-01   2.2644860e+00   7.5264422e-01  -4.5552550e-01   1.2847592e+00
   1.0000000e+00  -8.4708635e-02  -7.4227814e-01   7.9647494e-01  -1.1718726e-01  -8.7008173e-01   4.3125191e-01
   2.0000000e+00  -4.1796110e-01   1.4457662e+00   1.1849310e+00  -1.1924696e+00   5.7423980e-01   1.3002429e-03
   2.0000000e+00   9.7126399e-01  -7.6986244e-01   4.3977582e-01   9.0041315e-02  -3.2802392e-01  -5.4879429e-02
   2.0000000e+00  -4.1072588e-01   5.9870725e-01  -4.3194688e-02  -6.9207464e-02   8.6314159e-02  -2.0084255e-01
   2.0000000e+00   1.1196196e+00  -4.4605773e-01   3.3788157e-01  -1.1694243e+00   8.9558469e-01   1.6983077e+00
   2.0000000e+00   2.8683934e+00  -8.4220431e-01  -7.8171418e-02   1.3259836e+00   5.9415202e-01  -1.0982871e+00
   2.0000000e+00  -2.3935578e-01   2.8020472e+00  -4.8265790e-01  -8.8492567e-02   8.8627568e-01   2.5021803e-01
   2.0000000e+00   6.2455298e-01  -2.3122338e+00   6.2940433e-02   1.0935092e+00  -5.9218100e-01  -6.4377412e-02
   2.0000000e+00  -8.0510196e-01   5.7072534e-01   1.1613983e+00  -1.6748519e+00  -2.9994736e-01   1.6779032e+00
   1.0000000e+00   3.1174473e-01   1.3226313e-01  -2.3487073e-01   1.8609554e+00   5.6284767e-01   8.8286346e-01
   2.0000000e+00   9.4560252e-01  -1.9294690e-01   3.4672689e-01   8.3220385e-02  -8.6231029e-01  -2.1231154e+00
   2.0000000e+00  -7.9172512e-01  -8.6909760e-01   2.2364172e-01  -8.2136784e-01  -3.2493947e-01   1.3611830e+00
   2.0000000e+00  -3.3248232e-01   8.0246994e-01  -7.8487544e-01  -1.6578295e-01   1.4843366e+00   1.2576750e+00
   2.0000000e+00  -7.0228087e-01   2.2718186e-01   1.0121566e+00  -1.1311778e+00  -1.1566498e+00  -9.1926752e-01
   2.0000000e+00  -1.5764399e-01  -1.0459756e+00  -7.9959763e-01   1.4948587e+00  -6.4457387e-01   4.3521955e-01
   2.0000000e+00  -8.5014281e-01  -4.2392905e-02   1.1550610e+00   1.2100975e-01  -1.3944397e+00  -1.9988587e+00
   2.0000000e+00  -1.8701472e-01  -8.4264203e-01   2.0371631e-01  -4.2883341e-01   4.3528475e-01  -2.0539179e-01
   2.0000000e+00   1.0998906e+00   3.4380303e-01  -7.0027703e-01  -2.0700537e-01  -1.6061721e-01   1.5558252e+00
   2.0000000e+00   4.4688796e-01  -2.6361829e-01  -1.2741910e-01   2.6714838e+00   6.6784967e-01  -6.1592848e-03
   2.0000000e+00  -1.6264107e+00  -1.2815480e+00  -1.3387500e+00  -8.9295653e-01   2.2152740e-01  -4.0559136e-01
   1.0000000e+00  -5.9003916e-01   4.3214132e-01   6.8042822e-01  -5.0099511e-01  -1.6339050e+00   1.2702423e-01
   2.0000000e+00  -4.7085467e-01  -9.4845485e-01  -1.7809356e+00  -7.6590729e-01   2.3518209e+00  -2.1030657e-01
   1.0000000e+00   6.9416389e-01  -4.6175826e-01  -9.7143821e-01  -1.2944399e+00   6.0090056e-01   5.5430573e-01
   2.0000000e+00  -4.7760485e-01  -4.1520236e-01  -8.2517417e-01   9.7417781e-01  -5.7457508e-01  -3.3557870e-01
   1.0000000e+00  -9.7778652e-01  -7.7028778e-01   2.4447335e-02   3.5985820e-01  -3.1361762e-01   2.3387412e-01
   2.0000000e+00  -1.8680568e+00  -2.7322361e-01   1.0552103e+00  -1.2916209e+00   8.0517722e-01  -1.4869005e+00
   2.0000000e+00  -1.7683492e-01   1.3690421e+00   1.3003973e+00  -1.4196372e+00   8.2701017e-01  -3.1499327e-02
   2.0000000e+00   1.0442029e+00   1.9144016e-01   1.2576249e+00   3.6241022e-01   1.9850591e+00   5.1883320e-01
   2.0000000e+00   7.3882425e-02  -1.3144178e+00  -7.1557123e-01  -1.3666193e+00   5.6168413e-01   9.1022800e-01
   2.0000000e+00  -1.6750370e-01   1.4391648e+00  -7.2405465e-01  -5.5929129e-01  -2.3939596e-01   8.7497242e-02
   2.0000000e+00  -3.1998353e-01  -1.1440669e+00   1.4639210e+00  -9.6664068e-01  -1.0647166e+00   1.1548854e-01
   2.0000000e+00  -7.1071417e-01  -9.6196776e-01  -8.7457623e-03  -8.1141412e-01  -1.1361984e+00  -5.8983089e-01
   2.0000000e+00   1.1304685e+00   4.9723146e-01   7.5449570e-01   1.4767274e+00   1.5231362e+00   1.2599451e+00
   2.0000000e+00   3.1504724e-01   1.1784296e+00  -8.8278821e-01  -1.8173971e+00  -1.2851510e+00   8.2839164e-01
   2.0000000e+00  -1.2207190e-01   3.8101125e-01   1.4007035e+00   6.4483056e-01   3.1692679e+00   1.1265017e+00
   2.0000000e+00  -2.6132836e-01  -7.7185558e-01  -2.9796516e-01   6.0685544e-01  -1.1257419e+00  -5.2207499e-01
   2.0000000e+00  -6.1082995e-01   1.0234734e+00  -5.0884895e-01  -1.7911790e+00  -7.8199763e-01   2.0975232e+00
   1.0000000e+00   1.2268994e-01   7.1109414e-01  -2.1500752e+00   1.1537474e+00  -9.1060367e-02   3.7197167e-01
   2.0000000e+00  -4.9379930e-01  -2.4903811e+00  -1.8219177e+00  -5.4327471e-01   1.0826778e-01  -1.3972879e-01
   2.0000000e+00   3.6117619e-01   1.2272645e-02   4.1743104e-01  -1.0982117e+00  -1.6976999e+00  -5.8963767e-01
   2.0000000e+00  -1.3431234e+00  -1.3318292e-01   7.3932745e-01  -2.4936617e-01   5.1657957e-01  -6.7426825e-01
   2.0000000e+00  -8.8019372e-01  -6.9923665e-01   1.0726147e+00  -2.1822676e+00  -1.3426117e-01  -8.3892922e-01
   1.0000000e+00  -9.0875154e-01   5.8558661e-01   5.4244006e-01  -2.2363008e-01  -1.1255269e+00   1.3389314e-01
   2.0000000e+00  -2.3950659e+00   5.5878283e-01   7.8348169e-01  -3.3264380e-01   1.3414114e+00   1.3056855e+00
   2.0000000e+00  -9.6233583e-01  -1.1857353e+00  -3.8113399e-02  -1.0345252e+00   6.7584494e-01   7.8601963e-01
   2.0000000e+00  -7.7479210e-01   7.4803453e-01  -1.0785740e-01   7.6210237e-01   3.7009030e-02  -3.3633596e-01
   2.0000000e+00   5.6689510e-01   1.3445519e-01  -2.8743131e-01   5.9695043e-02  -2.6158384e-01  -3.6474951e-01
   2.0000000e+00   1.0470591e+00  -1.0463936e+00  -7.4209765e-01  -4.0681822e-01   5.6843331e-01  -8.1667018e-01
   2.0000000e+00  -3.6133308e-01  -6.2030994e-01   3.0810581e-01   3.7630461e-01   8.6864951e-02   1.4457419e+00
   2.0000000e+00   1.0188907e+00   1.5023535e+00  -1.4523459e+00  -1.4653593e+00  -1.1624618e+00  -1.7245713e-01
   2.0000000e+00  -2.8888309e-01  -8.6617110e-01   2.4288588e+00   2.3117503e+00   4.7244265e-01  -1.4715335e-01
   2.0000000e+00  -4.1017194e-01   1.7730770e+00  -8.7360970e-01  -5.7028963e-01  -1.0243609e+00   2.0322364e+00
   2.0000000e+00   1.1520546e+00   8.9655266e-01   1.1729696e+00   3.2802303e-02   1.9435348e-01  -1.1771002e+00
   2.0000000e+00  -5.5803463e-03  -2.4781763e+00  -9.1820845e-01   3.6037702e-01  -2.0396155e+00  -6.4873435e-01
   2.0000000e+00   2.3141159e-01  -8.0203275e-02  -7.5896923e-01  -1.7350347e+00   1.4180173e+00  -3.4651045e-01
   2.0000000e+00  -9.2139508e-01   1.2756160e+00  -3.7225958e-01  -1.5533639e+00  -8.6000281e-02   8.7456543e-01
   2.0000000e+00   2.7361798e+00  -1.4975435e+00  -4.6805788e-02   9.9166390e-01  -6.4323284e-01  -1.1596875e+00
   1.0000000e+00   9.3024179e-01  -7.7132119e-01   4.6172542e-01  -1.0446786e+00   3.2193702e-01   3.2737833e-01
   2.0000000e+00   1.1741106e-01   8.7843248e-01  -1.1631431e+00   6.8023404e-01  -1.2406794e+00  -1.0394605e+00
   2.0000000e+00  -7.8659633e-01   1.6802764e+00   6.4035550e-01   8.6973542e-02  -2.8065744e-01   1.1102587e+00
   2.0000000e+00  -2.5689693e-01   1.7241541e-01  -5.3434189e-01  -3.4711997e-01   6.4688815e-01   1.6429179e+00
   2.0000000e+00   3.9903183e-01   1.5325739e+00   7.7673938e-01   7.6133086e-01  -1.1331350e+00  -5.6052597e-01
   2.0000000e+00  -1.8192513e+00  -1.2597039e+00   7.2140726e-01   7.2018806e-01   8.5944585e-01  -2.7190458e-01
   2.0000000e+00   5.2714122e-01  -3.8257632e-01  -3.8864862e-01  -9.7038995e-01   1.0111368e+00   1.2555614e+00
   1.0000000e+00   1.1035759e+00   8.6295262e-01   3.2367880e-01  -7.6120288e-02   1.3233505e+00   1.9817751e-01
   2.0000000e+00  -2.4700695e-01  -3.9879960e-01  -9.6843079e-02   1.2882232e-01  -3.6038414e-01  -3.6541002e-01
   2.0000000e+00  -4.4211517e-01   1.3186715e+00   2.2096354e-01   1.9274177e-01   2.2777416e+00   2.1274553e-01
   1.0000000e+00  -1.2566054e+00  -2.0588376e-02  -2.8384088e+00  -1.2598868e+00  -6.6134473e-01   4.6021183e-01
   2.0000000e+00   2.2258581e+00  -3.4470813e-01   5.8696717e-01   4.5007435e-01   8.9758533e-01  -1.2465327e+00
   2.0000000e+00   1.8846501e+00  -6.4636770e-01   4.6479880e-01   1.6598852e+00   1.1813674e+00  -1.4500469e-01
   2.0000000e+00   5.5717841e-01   2.3005969e-01  -7.3525130e-01  -1.6546501e-01   9.1333412e-01  -9.1516947e-01
   2.0000000e+00   4.1109331e-01   7.4767912e-01   1.4041191e-01   1.6529173e+00   5.7794659e-01  -3.5494077e-01
   2.0000000e+00   2.4586152e-01  -5.5932903e-01  -3.0155541e-01   5.7438993e-01  -1.2964532e-01  -9.0952363e-01
   2.0000000e+00   8.9795875e-01   6.3480465e-01   7.2183080e-01   1.5181529e+00  -1.9008343e+00  -3.0184345e+00
   2.0000000e+00   6.3827744e-01   1.9355745e-01   7.3401541e-01   9.5961306e-02   2.9935301e-01  -6.3122507e-02
   2.0000000e+00  -7.0254187e-01  -9.2005227e-01   1.5345232e+00   1.9699497e+00  -4.4660490e-01  -3.7860047e-01
   2.0000000e+00  -8.0091953e-01  -1.9445933e+00  -1.3060666e+00   2.8093801e-01   1.7606529e-01   9.0284468e-01
   1.0000000e+00  -1.1164477e-01   3.3502176e-02   2.8822505e-01  -4.9815629e-01   8.3699785e-01   1.3583345e-01
   2.0000000e+00  -5.0865767e-01  -2.2403792e-01  -1.9171242e-02  -6.6552397e-01   7.9002164e-01   1.2454059e+00
   2.0000000e+00   8.7276980e-01  -3.2340767e-01   1.7688948e-02   1.3041277e+00   1.0896109e+00  -4.2799925e-01
   2.0000000e+00  -2.0536236e+00   1.0257459e+00  -1.5516449e-01   2.0389459e+00   1.2041509e+00   1.0997641e+00
   2.0000000e+00   1.3292993e+00   6.6258441e-01   2.6099946e-02  -8.1487781e-01  -1.7081328e+00   2.0326906e+00
   2.0000000e+00   8.6726822e-01   3.1152363e-01   5.1705887e-01   4.2284787e-01   2.1278481e-01  -3.0784041e-02
   2.0000000e+00   8.1415815e-01   4.2615212e-01  -5.4282635e-01   1.4881231e+00  -4.5711228e-01  -1.9525563e+00
   2.0000000e+00   4.2787665e-01  -7.6225415e-01   1.2278403e-01  -1.7599980e+00  -7.3443727e-03  -5.1691249e-01
   2.0000000e+00  -2.7463709e-02   5.1891033e-01   3.7830370e-01   1.9901629e-01  -1.1544401e+00  -5.8407517e-01
   2.0000000e+00  -2.1682456e-01   1.5459401e+00  -5.3534056e-01  -2.1845191e+00   7.8990760e-02   1.0919947e-01
   2.0000000e+00   1.4286302e+00   1.4843613e+00  -9.9125514e-01  -2.4936418e+00   1.6247722e+00  -2.3198832e+00
   2.0000000e+00   5.5564336e-01   1.5496421e+00  -2.2997659e-01   6.4787577e-02   1.8974975e+00   1.2726395e+00
   1.0000000e+00  -5.0642301e-01  -4.3383617e-01   1.3547375e+00  -1.3465087e+00  -9.2773930e-01   7.6759881e-01
   2.0000000e+00   7.7794809e-01   3.5690197e-01  -2.3911904e+00   2.5894055e-01   1.6657023e+00  -1.7484698e-01
   2.0000000e+00  -2.1393613e+00  -6.2384308e-01  -3.3772097e-02  -7.2706123e-01  -9.8723057e-01  -2.4667568e-01
   1.0000000e+00  -1.3757138e+00   2.5833760e-01  -1.2680232e+00  -2.0950090e+00   3.0382034e-01   4.4717358e-01
   1.0000000e+00   1.1757218e+00   1.9965446e-01  -3.0579687e-01  -3.1302434e-01   3.3807222e-01   5.0166599e-01
   2.0000000e+00   1.3135491e+00  -5.8359499e-01   2.0750527e+00   1.0267488e+00   1.5878942e+00  -7.4628526e-01
   2.0000000e+00   1.0838327e+00  -1.1598505e+00   2.8397056e-01  -5.2338920e-01  -1.7833670e-01   2.2145373e-01
   2.0000000e+00  -7.1822199e-01  -9.0424516e-04   1.1371526e+00   1.3365142e-02   1.3714279e+00  -3.2017280e-01
   2.0000000e+00  -9.4149219e-01   8.0382010e-01   1.9608104e+00  -1.1150442e+00   6.0351579e-01  -4.9993810e-01
   2.0000000e+00  -7.0324697e-01   2.0284318e+00   3.7813526e-01  -8.8282677e-01  -6.7440744e-01   1.7220798e+00
   1.0000000e+00  -3.9314038e-01   6.7375702e-01  -2.3276657e+00   1.4089253e+00   1.3688851e+00   3.3687995e-02
   2.0000000e+00  -3.6817011e-01  -1.6010781e+00   9.8425358e-01   5.3324637e-01  -8.0503958e-01  -1.2591180e-01
   2.0000000e+00   6.0567076e-01   1.2057617e+00   8.1811412e-01   1.5103531e-01   4.9772149e-01   1.5415363e+00
   2.0000000e+00  -2.9721727e-01  -1.3110426e+00   1.7326006e+00   1.3051309e+00   1.3659130e-01  -6.3288106e-01
   2.0000000e+00   1.9135087e-01  -6.4870320e-01  -6.8538727e-01   1.7276023e+00   2.6931261e-01   1.0338677e+00
   1.0000000e+00   1.5302868e+00   3.8315559e-01  -1.9845832e+00   1.1312868e+00  -1.0088370e+00   8.4861356e-01
   2.0000000e+00  -1.2382805e+00   6.1525489e-01  -1.2777183e+00   3.7915888e-01   1.6459608e+00  -2.1304790e+00
   2.0000000e+00   1.7443663e-01  -8.5480960e-01  -4.7835170e-01  -1.3877832e+00   6.9494835e-01  -1.2747251e+00
   2.0000000e+00  -1.2138267e-01  -9.3346562e-01   1.0947937e+00  -7.5344088e-01  -1.3044861e-02   2.5390044e+00
   2.0000000e+00   4.0867228e-01  -4.4630714e-01  -1.3703480e+00  -1.3592612e+00   5.3483536e-02   1.0221617e+00
   2.0000000e+00  -4.6569850e-01  -7.8114378e-01  -2.3772792e+00   8.8262388e-02  -1.6404081e+00   8.2686031e-01
   1.0000000e+00  -5.1097146e-02   5.8366161e-01   1.1232008e+00   1.1999260e+00   5.7536800e-01   5.5121913e-01
   1.0000000e+00  -4.6738932e-02   1.9325239e-01   1.2112323e+00   1.5328778e-01   2.7873938e-01   6.3196732e-01
   2.0000000e+00   8.4961594e-01   1.0974535e+00   1.6792517e+00  -6.4879045e-01   9.1738487e-01   1.2050571e+00
   2.0000000e+00   1.2056825e+00   1.6268325e-01   4.6497729e-01  -3.9983159e-01  -7.8161460e-01  -9.3694780e-01
   2.0000000e+00  -3.0135764e-01  -8.9370400e-01  -3.9996168e-01   8.6131948e-01  -4.8112316e-01  -4.7696289e-01
   1.0000000e+00   1.2426730e+00  -7.5173983e-02   9.2656531e-01   5.1191397e-01  -1.6204394e+00   5.0031432e-01
   1.0000000e+00   1.4497033e+00  -8.4181495e-01  -4.2007639e-03  -6.6884897e-01  -4.2677604e-01   3.1481300e-01
   2.0000000e+00  -7.0474665e-01   1.1386200e+00  -1.0877543e+00  -3.4138509e-02   1.3516928e+00  -1.9604282e-01
   2.0000000e+00   1.3307169e+00  -9.2493925e-01   1.2657076e+00  -7.3908376e-01   2.9631844e-01   5.0371154e-01
   2.0000000e+00  -4.5202735e-01  -1.1658869e+00   6.2628939e-01   4.4899650e-01   2.0962949e-02   1.1715418e+00
   1.0000000e+00   1.6491469e+00   2.3298720e-01   9.0188203e-01  -3.5913845e-01   1.1620021e+00   4.2098458e-01
   1.0000000e+00   3.9068297e-02  -1.4649264e-01  -1.7473318e+00  -7.6488413e-01  -1.4897090e+00   5.4777464e-01
   2.0000000e+00   7.3934111e-01  -1.9648910e+00  -9.8225922e-01  -6.0969074e-01  -5.7179281e-01  -3.7934719e-01
   2.0000000e+00  -1.0833678e+00   2.9617787e-01  -1.1461033e-01  -6.2532752e-01   6.1355875e-01  -5.3270374e-01
   2.0000000e+00   2.4520032e-01  -1.7420787e+00  -1.2019676e+00   3.2688432e-02   7.6844439e-01  -1.0948977e+00
   2.0000000e+00   3.4665195e-01  -1.4594388e+00   6.9036779e-01   4.2595478e-01   6.1886467e-01   3.1333279e-01
   2.0000000e+00   8.8358868e-01   2.2519271e+00  -5.3862273e-01   1.7595400e-01  -9.5051539e-01  -1.2783485e+00
   2.0000000e+00   1.9242804e+00   3.7470747e-01   1.4583589e+00  -1.2796699e+00   6.9751966e-01  -1.1028802e-01
   2.0000000e+00   9.8689270e-01   2.1419492e-01   1.3692622e+00  -9.5251358e-01   6.5200665e-01   1.6692052e+00
   2.0000000e+00  -4.9478894e-01   4.4129679e-01   4.0445569e-01   8.8630170e-01   7.5216838e-01  -6.9586057e-01
   2.0000000e+00   6.6180810e-01  -9.8816322e-01  -7.4710301e-01  -1.9149078e+00  -3.4220566e-01  -4.8843284e-01
   2.0000000e+00  -1.4157673e+00  -6.1430166e-01   1.0082117e+00  -9.8400033e-01  -1.9665939e-01  -7.0520580e-01
   2.0000000e+00  -6.2203378e-01  -3.8969268e-01   2.5481782e-01   8.7951035e-01   2.4780410e+00   1.0454752e+00
   2.0000000e+00   1.3683519e-01  -1.5281536e+00   2.0664548e-01  -1.3245137e+00   7.1091947e-01  -1.0732259e+00
   2.0000000e+00  -1.1139887e+00  -3.9767052e-01   1.1490162e+00   1.8697939e-01   1.0256526e+00   1.3031929e+00
   2.0000000e+00   2.9788592e-01  -2.1213296e+00  -7.2031225e-01   2.9555292e+00   4.9742848e-01  -6.5595256e-01
   2.0000000e+00  -4.1182942e-01   1.1993302e+00   1.1006508e+00  -6.6247298e-01  -1.0184132e-01   2.0877409e+00
   2.0000000e+00  -1.7397252e+00  -1.3928448e+00  -1.6276443e-01   2.3294987e-01   2.5826181e-01  -1.0349420e+00
   2.0000000e+00  -1.1285152e+00   1.5770918e+00   4.8421315e-01  -3.7375633e-01   3.3071785e-01  -2.2151932e-01
   2.0000000e+00   6.2417425e-01   1.2269657e+00  -1.1409083e+00  -1.5782797e-01  -5.8856105e-01  -5.8442579e-01
   2.0000000e+00  -8.6019766e-01  -1.1634118e-01   9.6096890e-01  -4.9834378e-01   1.8152653e-01  -7.7613230e-01
   2.0000000e+00  -6.3340627e-01  -5.6951017e-01   8.5894761e-01   5.2745383e-02   3.0483476e-01  -9.7497881e-01
   2.0000000e+00   1.8962172e+00   1.6553481e-02   1.3773241e+00   3.5486741e-01   1.8568761e+00  -5.5826461e-01
   2.0000000e+00   3.4465307e-01  -4.3938160e-02   6.1608938e-01   1.1283489e+00  -2.1912063e+00   4.9919844e-01
   2.0000000e+00   2.8916648e-01  -1.1820054e+00  -2.6194033e-01   4.7797773e-01  -1.3327640e+00  -5.3576513e-01
   2.0000000e+00   1.1510210e+00   8.5949666e-01   1.1574863e+00   5.3562522e-01   1.1037282e-01   5.9808425e-01
   2.0000000e+00  -9.2260588e-01  -2.2097953e-01   2.0774923e-01   4.6121932e-01   1.8442938e+00   1.4291077e+00
   2.0000000e+00   9.3744760e-01  -6.8287744e-01   1.8233311e+00  -4.6247567e-01  -8.5540135e-02  -1.9018000e+00
   2.0000000e+00  -3.4619179e-01  -1.8995896e+00  -1.4035727e+00   5.2813125e-01   2.3435287e-01  -6.4737504e-01
   1.0000000e+00  -7.5789156e-02  -7.3937410e-01  -1.9264147e-01  -3.5766119e-01   7.5506005e-01   1.6375391e-01
   2.0000000e+00  -7.2365830e-01   1.5296272e-01   1.6796727e-01  -9.6633333e-01   1.2633982e+00  -1.3437873e+00
   2.0000000e+00   4.4088486e-01  -1.0332799e+00  -1.1677925e+00  -1.8615884e+00   2.6359062e+00  -7.9192913e-03
   2.0000000e+00   1.0076253e+00   9.4347941e-01   9.4764015e-01  -4.1788235e-03   2.4131939e+00   4.7774111e-01
   2.0000000e+00  -2.1008169e-01   2.5790995e-01   1.2808317e+00  -7.1506211e-01  -2.6076989e-01  -3.4597654e-01
   2.0000000e+00  -1.7549102e-01  -1.0330977e+00  -1.2113398e-01   1.7349300e+00   6.5186723e-01   6.1580020e-01
   2.0000000e+00   3.9658227e-01   2.7643304e-01   8.8934452e-03  -1.2738821e-02   5.9295133e-01  -3.5989469e-01
   2.0000000e+00  -1.5407550e+00  -2.3023094e-01  -7.7441248e-02  -2.7628576e-01  -8.5052205e-02   1.3070277e+00
   2.0000000e+00   1.2696589e+00  -9.7544012e-01  -1.4555964e+00   5.5119387e-01  -1.3842557e+00   1.3604632e+00
   2.0000000e+00   5.1297099e-01  -1.1709390e+00   8.9543451e-01  -5.5978119e-01  -1.0946657e+00   1.3661663e+00
   2.0000000e+00  -1.5910048e+00   1.5402300e+00   8.9462405e-01   2.5216850e-01  -1.2977884e+00   1.1147263e+00
   1.0000000e+00   2.0173085e-01  -1.2874404e-01  -1.1687817e-01   3.7964025e-01  -1.0420306e+00   7.9634766e-01
   2.0000000e+00  -4.1231082e-01   1.4973935e+00   1.4584934e+00  -1.8316108e+00   1.7659627e+00   2.0468185e-01
   2.0000000e+00  -2.7848793e-01   9.4030076e-01  -8.2285106e-01  -2.1621686e+00   2.3558949e+00  -4.3808029e-01
   1.0000000e+00   7.8062475e-01   7.8522140e-01  -3.8337820e-01   1.6157747e+00  -5.5862911e-02   5.1422741e-01
   1.0000000e+00   1.1021309e+00  -1.3629923e-01   1.3200862e+00   2.2165721e-01   5.1281394e-01   7.1705968e-01
   2.0000000e+00  -1.5707186e-01   1.0508955e+00  -4.0390674e-01   1.6782353e+00  -9.2811108e-01  -9.0504276e-01
   2.0000000e+00   9.2911885e-01   3.2725942e-01   1.4293625e+00   2.5807314e+00  -5.0913435e-01  -6.9426612e-01
   1.0000000e+00   3.9674466e-01   1.4628164e-01  -9.5171505e-01   6.6038250e-01  -3.3049547e-02   3.3002271e-01
   2.0000000e+00   3.6498359e-01   7.4746408e-02  -8.6149454e-01   4.6128610e-02  -7.7708046e-01  -1.5918340e+00
   2.0000000e+00   1.5971413e+00  -2.1203169e-01   1.0808148e+00   4.9223539e-02   1.2080922e+00  -1.3162594e+00
   2.0000000e+00   4.5835231e-01  -9.5347210e-01   2.1408286e+00   1.0887176e+00  -6.2511649e-01   3.5367954e-01
   2.0000000e+00  -5.6415395e-01   1.1876095e+00   9.4125574e-01   1.3875305e+00   5.6792215e-01   7.3552455e-02
   2.0000000e+00  -4.9167670e-01  -1.3269244e+00   5.1752576e-01  -9.9045233e-02   5.2453768e-01  -3.9590136e-01
   2.0000000e+00   6.9630483e-01  -1.4901297e+00   4.5568683e-01  -2.2288692e+00  -2.9538244e-01  -1.9888725e-01
   1.0000000e+00   2.6525463e-01   7.0638510e-01  -1.4504128e+00   6.6535188e-01  -9.6565973e-01   4.6358348e-01
   1.0000000e+00  -1.2694534e-01  -3.4799049e-01  -1.3193875e+00  -1.4628621e-01   6.0057291e-01   3.1823620e-01
   2.0000000e+00   5.1055086e-01  -2.2644697e+00  -4.8383919e-01   6.2046801e-01  -1.4335213e+00  -3.4747989e-01
   2.0000000e+00  -6.5628102e-01   2.6407553e-01  -2.7610383e+00  -4.2966421e-01  -6.7798043e-01  -1.4031343e+00
   2.0000000e+00  -1.0426302e+00  -8.7219373e-02   2.5599215e-01  -1.0329243e-01  -7.0245509e-01  -5.7509652e-01
   1.0000000e+00  -2.7122728e-01  -2.3296338e-01   4.5591192e-01   4.0510498e-01  -1.4273354e+00   5.9877167e-01
   2.0000000e+00  -1.5071959e-02   1.8356079e+00   4.1842834e-01  -9.2250636e-01   1.2075417e+00  -4.0101398e-01
   2.0000000e+00  -3.2609589e+00   8.4726876e-01  -1.1613429e-01   9.1046688e-01   7.7660103e-02  -1.0031206e+00
   1.0000000e+00   1.0466467e+00  -6.4126724e-01   1.4648913e+00  -9.6925026e-01  -6.2235791e-01   4.7830528e-01
   2.0000000e+00  -8.0347114e-01  -1.3156251e+00  -8.0531049e-01  -3.1097576e-01   4.4511636e-01  -5.4577035e-01
   2.0000000e+00  -1.1815023e+00   2.1939254e+00   8.5920693e-01  -2.3556291e-01  -1.4845631e+00   2.4424852e-01
   2.0000000e+00   2.9362206e-01  -1.4614681e+00  -4.3537726e-02   1.3411208e+00  -2.1661874e-01   1.9544417e-01
   2.0000000e+00  -2.7859161e+00  -1.7950608e+00  -3.3814071e-01  -1.7139113e-01   1.6756785e-02   1.4267329e-01
   2.0000000e+00   2.9159009e-02  -3.7326588e-01  -6.0073243e-01  -1.7263742e+00  -1.3773468e+00  -4.5210126e-01
   2.0000000e+00   1.0627136e+00  -7.1848510e-01  -2.5149443e+00  -3.8245607e-01   4.8124977e-01  -3.9026341e-01
   2.0000000e+00  -1.0075693e+00  -1.3859632e+00  -3.7225252e-02  -1.2212921e+00   2.1555892e+00  -4.6485647e-01
   1.0000000e+00  -8.7038182e-04  -6.6861285e-02  -7.1337226e-02  -3.4391274e-01  -6.5958286e-01   2.7032092e-01
   2.0000000e+00   5.0891603e-01  -4.3284704e-01  -9.8503736e-01  -6.2422781e-01   5.6379715e-01  -8.2082520e-01
   2.0000000e+00   5.2427278e-01   7.3433488e-01  -1.0874936e+00   6.6479959e-01  -1.0967693e+00  -3.2423682e-01
   2.0000000e+00  -1.1133678e+00   2.7094325e-01   7.6730239e-01   4.5306086e-01  -7.9547193e-01  -1.3803095e+00
   2.0000000e+00  -6.3620753e-01  -3.4231116e-01  -1.1034104e+00  -9.0473676e-01   9.1630341e-01  -7.5509995e-01
   1.0000000e+00  -6.6190304e-01   7.0248883e-01   7.0268721e-01  -6.5873258e-01   3.5366989e-01   3.0236846e-01
   2.0000000e+00  -1.0301436e+00  -1.5523890e+00   2.6644902e-01   5.1004004e-01  -1.1087730e+00  -2.7342596e-01
   2.0000000e+00   7.3615832e-01   2.9743670e+00   8.7024611e-01  -3.9240558e-01   9.4290586e-01  -4.7079129e-01
   2.0000000e+00  -5.9594639e-01   1.1601461e+00  -7.1661827e-01   1.4346182e+00   3.3845482e-01   8.0260921e-01
   2.0000000e+00   1.0287755e+00  -8.0879157e-01  -2.4946513e-01   2.1975059e+00   1.7919699e+00  -1.0612377e-01
   1.0000000e+00  -1.7893777e+00   4.1517406e-01   1.0290193e+00   8.8204513e-01   1.2945437e+00   6.5274206e-01
   2.0000000e+00   2.0972312e+00  -2.2886787e+00  -7.9122604e-01   4.2524997e-03   7.6526760e-01  -1.4114955e+00
   2.0000000e+00   8.4425008e-01   8.3006372e-01  -8.2598671e-01   4.7647277e-01   1.1367276e+00   7.6125166e-01
   1.0000000e+00  -5.1943800e-02   5.5702722e-02   5.8813857e-01  -3.6245081e-01  -6.2215658e-02   1.7504445e-01
   1.0000000e+00  -1.1866301e+00  -3.3763132e-01  -1.7951380e+00   7.8521398e-01  -2.1842605e-01   1.9350594e-01
   2.0000000e+00   4.0290821e-01   2.1183133e-01  -1.3309799e+00  -6.7180052e-02   3.0917516e-01  -1.7470550e-01
   1.0000000e+00  -2.6859518e-01  -4.3888248e-01   5.1472508e-01  -3.3388985e-01  -1.7534909e+00   6.4156440e-02
   2.0000000e+00  -2.2058856e+00  -1.1662983e+00   9.4628826e-02   7.6521269e-01   9.2816494e-01  -5.4270113e-02
   2.0000000e+00   3.0323746e-01   3.2649808e-01   1.2431221e+00  -8.7789936e-02  -1.6269632e+00  -8.1300603e-01
   2.0000000e+00  -9.7273925e-01  -1.4963855e+00   1.7970075e+00  -1.3064092e-01  -1.0464332e+00  -4.4997597e-01
   1.0000000e+00   1.7893320e+00   6.9509636e-01  -2.5678812e-01  -7.6246520e-01   3.0046723e-01   3.5463116e-02
   1.0000000e+00  -9.6290110e-01   3.2697831e-01  -3.9489777e-01  -5.4099285e-01   3.2450253e-01   1.8353727e-01
   2.0000000e+00   1.8487611e-01   2.9295863e-01   1.6777702e+00   7.9944697e-01   2.1501928e-01  -8.5449208e-02
   2.0000000e+00  -1.2074872e+00  -6.9560122e-02   9.8290080e-01  -1.1677453e+00  -1.6052681e+00  -7.2542995e-01
   2.0000000e+00  -6.2401859e-01  -1.9016010e+00   7.2115145e-01   3.3134518e-01   1.2150504e+00   7.3799639e-01
   2.0000000e+00   6.6772702e-01  -7.6378766e-01   2.1708868e-01  -2.8031753e-01  -1.8844476e-01  -1.6097109e-01
   2.0000000e+00  -4.5493142e-01   1.7315310e+00   1.3426175e+00  -1.5516660e-01  -6.6944839e-01  -1.5885005e+00
   2.0000000e+00   5.4697485e-01  -8.5855812e-01  -4.7197117e-01   1.2177318e+00  -1.5631157e+00  -3.8310206e-01
   1.0000000e+00   3.0809608e-01   2.0501362e-02   5.6771545e-01  -2.0876608e-02  -3.8973194e-01   2.3128026e-01
   2.0000000e+00  -2.9803410e-03  -1.1337360e+00   4.2000832e-01  -7.3112031e-01   1.2026068e+00  -1.3254415e+00
   1.0000000e+00   6.5463671e-01  -7.4606458e-01  -7.4217370e-01   1.3730280e+00   1.0567121e-01   2.7404682e-01
   1.0000000e+00   4.3988539e-01   1.1190545e-01   3.7374233e-01   1.4213333e-01   5.9850136e-01   9.0463646e-01
   2.0000000e+00   6.8737029e-01  -7.8779382e-01   1.0707645e+00  -1.3209903e+00   3.1301384e-01  -3.2720172e-01
   2.0000000e+00   1.7763184e+00   6.8380058e-01   2.8327543e-01   1.5708605e-01  -2.4259590e-01  -7.2035920e-01
   2.0000000e+00   3.0772069e-01   1.9365782e+00  -1.1376408e-01   7.9719322e-01  -1.1420056e-01   1.3797629e+00
   2.0000000e+00  -7.5093684e-02   1.1844958e+00   1.0099561e+00   1.2467145e+00  -1.9721002e+00   3.2473805e-01
   1.0000000e+00  -2.8265808e-01   3.1620064e-01   9.8836462e-01  -1.9867427e-01  -1.0295172e+00   6.7815325e-01
   2.0000000e+00  -7.4010455e-01  -5.1686735e-01  -4.2223486e-01  -2.2326613e-01   3.2302847e-01  -8.7038103e-01
   2.0000000e+00   9.0757357e-01  -1.5469925e+00  -1.0839886e+00   6.5953447e-01  -3.3109015e-01  -5.3901090e-02
   1.0000000e+00   1.0534061e-02  -3.1840829e-01  -1.6785038e+00   8.2035544e-01   4.7133872e-01   9.2485994e-01
   2.0000000e+00   1.5995463e-01   3.5203338e-01  -1.3995714e-02   1.2225646e-01  -4.4121349e-02   1.1644188e+00
   2.0000000e+00  -2.0511211e+00  -9.5295767e-01   7.4803130e-01   9.0416248e-01  -9.1006763e-02   4.7715046e-01
   2.0000000e+00  -1.4362076e+00   1.2739622e+00   2.0635515e-01   1.2940589e+00  -5.2837163e-01   1.5583232e+00
   2.0000000e+00   1.0858711e+00   7.5925721e-01  -2.5392158e-02  -1.4494158e+00  -1.0474546e+00   1.1958107e+00
   2.0000000e+00  -4.5374381e-01  -7.9618121e-02   7.4100607e-02  -2.3842733e+00  -5.8240054e-02  -5.0623898e-01
   1.0000000e+00  -9.0934344e-01  -5.5954939e-01   5.9708343e-01  -1.5231029e+00   1.8038008e+00   3.1307028e-01
   2.0000000e+00  -4.9077389e-01   2.1367242e+00   7.4852095e-01  -7.6492522e-01  -6.2950444e-01  -2.6331516e-01
   2.0000000e+00  -1.3180461e+00   2.0435144e+00   2.8453439e-03  -1.6774964e+00   1.6432068e+00   2.0813249e-01
   2.0000000e+00   1.4021553e+00  -9.1401671e-01  -1.5749356e+00  -8.8753670e-01   6.8556249e-01  -3.3499846e-01
   1.0000000e+00   1.7007851e-02   2.2862945e-02  -4.2040269e-01  -1.0409570e+00  -1.4230487e+00   6.9124505e-01
   2.0000000e+00   6.4369703e-01  -2.6227468e-01   1.3611025e+00   8.9448200e-01  -1.3567134e+00  -7.1524991e-01
   2.0000000e+00  -7.7454739e-01   1.3950511e+00  -7.2078679e-01   9.3499857e-01  -1.2275061e+00  -4.9367121e-01
   2.0000000e+00   6.8078433e-01  -4.0578157e-01  -9.2439216e-01  -9.7944786e-01   8.3307409e-02   2.6168425e+00
   2.0000000e+00  -4.7810760e-01  -8.3645395e-01  -2.6891889e+00   2.1810243e+00  -7.2751497e-01   1.4987544e+00
   1.0000000e+00  -3.8128380e-01   6.8199944e-01   2.3941274e-01  -1.0343004e+00  -1.4768037e+00   9.5675898e-02
   1.0000000e+00   1.7446319e+00   2.0845336e-01   1.3914724e+00  -9.8215995e-02   1.7042647e+00   6.4982178e-01
   2.0000000e+00  -1.3462348e-01   6.1807368e-01  -1.0812309e+00   2.3485627e-01   1.1952440e+00  -2.1060706e+00
   2.0000000e+00  -1.1441534e+00   7.2692148e-01   6.9075672e-01   3.5431591e-01   2.0108828e+00   1.0834917e+00
   2.0000000e+00   3.7594388e-01  -2.7665193e+00   4.6289386e-03   1.6631874e+00   6.6847140e-01   5.5802138e-01
   2.0000000e+00  -5.9741391e-02   7.0061082e-01  -1.4122417e+00  -1.6402106e-01  -1.2837888e-01  -1.2272476e+00
   2.0000000e+00  -2.3758419e-01   1.0181812e-01  -5.8186128e-01   2.1951368e+00  -6.4891983e-01   2.2612600e+00
   2.0000000e+00   1.2186218e-01   1.8836324e+00  -3.8891256e-01  -1.2485552e+00   4.1980274e-01   4.5023070e-01
   2.0000000e+00   1.4332541e+00  -3.3282259e-01   1.3804825e+00  -1.2323840e+00   2.5757318e+00  -1.1384766e+00
   2.0000000e+00  -5.9696671e-01  -3.7357177e-01  -1.7698302e-01  -1.7383505e-01  -2.0157655e+00  -1.2078580e+00
   2.0000000e+00   3.2826799e-01   2.7275147e-01   2.1471972e+00   9.5758913e-01   2.6048269e-01  -9.4210653e-02
   1.0000000e+00  -1.0292881e+00   4.5901541e-01   2.2515001e-01   1.3550020e-01  -1.2376642e-01   6.7835621e-01
   2.0000000e+00   2.7154479e+00  -3.2592731e-01  -2.1453688e+00   7.0330655e-01   7.8729017e-01  -6.3966190e-01
   2.0000000e+00   1.0005985e+00  -1.1936611e+00   5.1005110e-01   6.7204482e-01  -1.3458626e+00  -1.6488511e+00
   2.0000000e+00   3.0870313e-03   1.0884021e+00   1.2337282e+00  -1.9426880e-01  -3.9683259e-01   1.7239368e-02
   2.0000000e+00   1.8518685e-01   8.2229012e-01   1.0248065e+00  -8.8579957e-01   1.9822361e-01  -1.1384853e+00
   2.0000000e+00   1.8097378e+00  -5.2758292e-01  -1.3370072e-01   1.9331277e+00  -1.9145918e+00  -1.2794785e+00
   2.0000000e+00   9.2955095e-01  -1.1356606e+00   3.8941506e-01  -7.7347021e-01   1.3043744e-01  -1.6498406e-01
   1.0000000e+00  -5.5937566e-01   8.8512660e-02  -5.1550436e-01   6.0221719e-01  -8.3845188e-01   4.0553359e-01
   2.0000000e+00   2.7867531e-01   7.8371908e-01  -4.3573788e-02   1.4732355e+00   8.2706284e-01  -1.8148845e-01
   1.0000000e+00   9.6420971e-01  -6.3616839e-01  -1.2832605e+00   3.3375191e-01   1.0402224e+00   5.4612629e-01
   2.0000000e+00   1.2399297e-01   5.1115668e-01   1.0282379e+00  -9.8241348e-02   1.0145518e+00  -5.8145089e-01
   2.0000000e+00   5.1505554e-01   2.0127983e-01   3.7279500e-01  -4.7501961e-01  -2.5473661e-01  -3.0437846e-03
   2.0000000e+00   2.6053448e-01  -1.0207808e+00  -1.2674861e+00  -2.2282214e+00  -4.9174028e-01  -1.5221658e-01
   2.0000000e+00  -2.4541937e+00  -3.2824663e-01  -1.4203069e+00  -5.4622688e-01   8.4132875e-02  -9.2867558e-01
   2.0000000e+00  -1.1033309e+00  -8.2750428e-02   3.2769318e-01  -9.3823773e-01   4.0200824e-01  -6.0641672e-01
   1.0000000e+00  -1.0561225e+00   8.1872842e-01   7.1956242e-01  -2.2154127e+00   5.8850812e-01   3.5490092e-02
   2.0000000e+00   1.1200281e+00  -3.1225954e-01   4.4187193e-01   3.2385307e-01  -3.8079238e-01   1.4734280e+00
   2.0000000e+00  -3.0292648e-01  -5.1542939e-01   7.3452726e-01  -3.6752580e-01  -1.0509664e+00   2.0567040e+00
   2.0000000e+00  -1.7967837e-01  -5.5122728e-02   1.8994048e-01  -4.0315657e-01   2.0531925e-01   2.4300354e+00
   2.0000000e+00   4.9636302e-01   2.0740189e-01  -1.0446211e+00   9.7065547e-01   9.9976945e-01  -1.8335277e-02
   1.0000000e+00  -5.8844371e-01   5.0241947e-01   8.0325498e-01  -5.9483253e-01   1.4754986e+00   6.6831738e-01
   2.0000000e+00   4.4281637e-01   1.0882682e+00  -8.0356478e-01  -3.5131581e-01   1.4875951e+00   1.3451705e+00
   2.0000000e+00  -1.8013310e+00  -4.5126266e-01   2.1733165e+00  -5.3261331e-01  -5.6901796e-01  -8.2972524e-01
   2.0000000e+00  -1.9547222e+00  -1.3488871e-01  -8.1563016e-01   3.7533053e-01  -2.0673221e-01  -1.2410291e+00
   2.0000000e+00  -1.9287018e+00   1.2035993e+00   1.5184783e-01   1.9322842e+00   9.8486927e-02   8.7707742e-01
   2.0000000e+00  -1.1608939e-01   6.8436339e-01  -1.5271032e+00  -1.0529200e+00   3.5312256e-01  -3.1524623e-02
   2.0000000e+00   7.7373572e-01   5.8986461e-02   1.0331929e+00   2.3237608e-02  -1.2322784e+00  -3.5682064e-01
   2.0000000e+00   8.9486024e-01  -1.3196957e+00   9.0423264e-01  -8.5348873e-01  -2.5518673e-01   6.3592448e-01
   2.0000000e+00   9.5310500e-01   3.4079258e-01   1.5688726e+00   3.2956908e-01  -4.3949335e-02  -3.2648432e-01
   2.0000000e+00   4.3646382e-01   1.5682004e+00  -8.7027709e-01  -1.0484221e+00   1.4940254e+00   9.0301866e-01
   1.0000000e+00  -2.1321272e+00   6.2322565e-01   1.2638783e+00   7.4032275e-01  -6.9153280e-01   1.9590101e-01
   1.0000000e+00  -3.4440579e-02  -1.2268802e-01  -2.1172980e-01   5.0702353e-01   1.9460552e-01   1.6390334e-01
   2.0000000e+00   5.0314061e-01  -1.3259373e+00   9.9094552e-01   1.9841079e+00  -2.4736145e-01  -2.7758643e-01
   2.0000000e+00  -5.9852258e-01   1.1306215e+00   6.4423814e-02   1.8637921e+00  -1.0659018e+00  -6.8795971e-01
   1.0000000e+00  -2.1119092e-01  -8.7901055e-01   8.0704126e-01  -1.1320607e+00  -5.5664281e-01   2.1450694e-01
   2.0000000e+00   8.8231204e-01   8.0501433e-01   7.8595218e-01   1.9332175e+00  -1.8723387e+00  -8.5269155e-02
   2.0000000e+00  -4.9455856e-01   3.9442000e-01   4.1552092e-01  -1.1540164e+00   1.8592236e+00   1.2151482e+00
   2.0000000e+00   4.3323263e-01   3.2045807e-01  -2.5804493e-01   2.5747916e-01  -1.1331366e+00  -7.9967819e-01
   2.0000000e+00  -4.3790163e-01  -1.1755135e+00   8.7907576e-01  -2.5640964e+00  -5.2518527e-01  -1.3921878e+00
   2.0000000e+00  -1.5469735e-01  -1.1876673e+00   3.2841683e-01   2.1611314e-01  -7.7089867e-01  -1.1780472e+00
   2.0000000e+00  -2.0193596e+00  -6.9106938e-01  -9.8750455e-02  -7.5282783e-01   1.3781216e+00  -7.7782970e-01
   2.0000000e+00   1.9971515e+00   1.3217871e+00   3.8162335e-01  -2.8377546e-01  -1.5200755e-01  -7.9579518e-01
   2.0000000e+00   1.2183305e+00   1.0613047e+00   7.3441523e-01  -1.9054474e+00   9.5068161e-01   1.1353364e+00
   2.0000000e+00   3.4796259e-01  -9.3344554e-01   1.0866716e+00  -6.7296316e-01   4.1790350e-01  -1.0725501e+00
   2.0000000e+00   1.4930045e+00  -5.8689412e-01   3.7534697e-02  -9.1893532e-01  -4.3890587e-01  -6.5891903e-01
   2.0000000e+00   1.2346570e+00  -3.8062005e-01  -9.3158515e-01  -2.3865327e+00  -4.4267085e-01  -1.1591669e-01
   2.0000000e+00   7.0914544e-02   4.8508080e-01   7.6851856e-01  -1.5096308e-01   1.0780912e+00  -1.0162671e-01
   2.0000000e+00   8.3059725e-01  -1.1082289e+00   1.7307600e+00   6.9603086e-01  -7.7846487e-01   6.7070555e-02
   2.0000000e+00   3.3495885e-01   1.0312098e+00  -1.7593261e+00   1.9037312e+00   8.2223386e-01   6.7834860e-01
   2.0000000e+00  -3.1896618e-01   1.2751796e-01  -4.3575532e-01   9.7947491e-01   8.3467095e-01   1.0872575e+00
   2.0000000e+00   8.0733019e-02  -7.7199066e-01   1.5899726e-01   4.3178800e-01   1.7221785e+00   1.1675457e+00
   2.0000000e+00  -5.9460602e-01  -1.3319304e+00   6.1415203e-01  -1.0070502e-01  -9.0886912e-01  -7.8722344e-01
   2.0000000e+00  -9.0773488e-01  -7.0735631e-01  -1.0718346e-02  -1.2137333e+00   8.6084929e-02  -5.6709787e-01
   1.0000000e+00   2.0328037e-01  -6.5091157e-01   1.1698939e+00   2.2229991e-01  -1.2195782e+00   4.0113594e-01
   2.0000000e+00   1.5269755e+00   9.9853843e-02  -4.1428771e-01   1.3412735e-01  -4.3986790e-02  -1.3169350e+00
   2.0000000e+00   6.4610362e-01   7.1052591e-01   1.6000214e+00   5.8669281e-01   3.6329330e-01  -3.1663912e-01
   2.0000000e+00   6.3175357e-01  -2.1141013e+00  -1.0350083e+00  -5.8248713e-01   5.6515589e-01  -9.2995801e-01
   2.0000000e+00   6.6948323e-01  -4.6479318e-02  -1.8888879e+00   1.0704559e+00   3.6168539e-01  -7.9086724e-03
   1.0000000e+00   1.0786659e+00  -9.3339477e-02  -1.4151963e+00   1.9846954e+00  -6.9111959e-01   3.3183344e-01
   2.0000000e+00   1.3717689e+00   1.1186606e+00   1.8514717e+00   7.1139192e-01   1.4343358e+00  -6.6212928e-03
   2.0000000e+00  -2.8164018e-01   3.2731738e-01   1.1449480e+00   4.8452267e-01   1.1772408e+00  -8.6942075e-01
   1.0000000e+00  -3.3752379e-01   8.6082778e-01  -9.2484974e-01   7.7889277e-01  -6.1416454e-01   1.0504830e-01
   2.0000000e+00  -1.1906172e+00  -1.0862067e+00   1.9794406e+00  -1.0921834e+00  -8.7027713e-02   3.2762405e-01
   1.0000000e+00   2.1125514e-01  -5.0031529e-01   1.4619041e+00   1.6297881e+00   2.4020135e-01   1.6359170e-01
   2.0000000e+00   6.2273237e-01   1.1960104e+00   1.4387124e-01   1.0220247e+00   1.9488418e+00   7.9135205e-01
   2.0000000e+00   1.3405884e+00   9.2560162e-01  -9.4584942e-02   8.4377681e-02  -6.3284726e-01  -1.9965985e-01
   1.0000000e+00   4.0169772e-01   7.9461993e-01  -3.8260500e-01  -7.0345126e-01  -1.0375554e+00   4.2643059e-01
   2.0000000e+00  -6.4828966e-01   1.6581710e+00  -1.1651866e+00   1.0947518e+00   1.2220182e-02  -1.7235103e+00
   2.0000000e+00   3.3470036e-01   5.8673949e-01   2.0474914e+00  -2.3042967e+00  -9.6745427e-01  -2.0540250e+00
   2.0000000e+00  -2.0907928e+00  -1.2910071e+00   1.3212917e+00   2.3243943e-01  -3.1589605e-01   6.5959523e-01
   1.0000000e+00   3.8756201e-01  -9.1810891e-02   4.0484430e-01   2.7781691e-01   8.1442659e-01   1.7300772e-01
   2.0000000e+00   1.3682484e+00  -4.4684505e-01   9.2167046e-01  -3.0487482e-01  -9.5901211e-01  -1.1890143e-01
   2.0000000e+00  -2.1004347e-01   2.5312874e+00   6.0286589e-01   1.0670675e+00  -5.2277634e-01  -2.3991819e+00
   2.0000000e+00   1.8119187e+00   2.7077599e-01  -6.3757717e-01   7.7322977e-01   1.8071373e-01   1.5109940e+00
   2.0000000e+00   1.7124823e-02   5.4460488e-01  -8.7821867e-01   1.1104846e+00   2.2994656e+00  -2.5054957e-01
   2.0000000e+00   1.8821879e-01   5.3273319e-01  -9.6077132e-01   2.7438481e-01   6.5510601e-01  -9.1094537e-01
   2.0000000e+00   1.9407914e+00  -1.9546417e-01  -1.7578843e+00   1.5131680e+00   1.3241738e+00  -7.8309694e-01
   2.0000000e+00  -1.3271536e+00  -9.1669226e-01  -8.5737988e-01   3.9005020e-01   9.2299979e-01  -3.7815650e-01
   2.0000000e+00   4.5012938e-01   7.7060065e-01   7.3643476e-01  -8.5000110e-01   2.5187686e-02   1.0381264e+00
   2.0000000e+00  -2.1500789e-01  -2.7544122e-01  -1.9187374e-02  -5.5202275e-01   1.3612973e-01  -2.9521539e-01
   2.0000000e+00  -1.4726552e+00  -1.6951626e+00  -8.1409060e-01  -2.8836044e-02   2.3577371e-01  -1.7488207e+00
   2.0000000e+00   7.3176213e-02  -1.7496421e+00  -5.1721656e-01   2.0930575e+00   1.5753797e-01  -1.5282148e-01
   2.0000000e+00  -1.0003398e+00   1.8240737e-01  -3.6656554e-01   7.8582811e-01   2.8407973e+00  -3.2799079e-01
   2.0000000e+00   9.6027322e-01  -1.0610675e+00  -4.9932917e-01   8.7132058e-01  -4.6608821e-01  -2.8618959e-01
   1.0000000e+00  -4.5350149e-01  -5.9198648e-01  -2.2405216e+00  -4.9258261e-01  -1.6531168e+00   4.8060518e-01
   2.0000000e+00  -6.4519845e-01  -1.4739172e-01   2.0299848e+00  -5.9744092e-02   1.1202850e+00  -2.0292217e-01
   2.0000000e+00  -1.3609508e+00   1.8856374e+00   1.3572890e+00   8.9815659e-01  -7.7649776e-01   4.8917587e-01
   2.0000000e+00   1.7347255e+00  -9.1628978e-01   5.3396483e-01  -5.9383335e-01  -6.3637654e-01  -5.9893425e-01
   2.0000000e+00   1.8368582e-01  -6.3839115e-01  -1.5599198e+00   6.7550070e-01   1.1052180e+00   7.9966802e-01
   2.0000000e+00   7.2183186e-01   1.1103491e+00  -5.9670472e-01  -1.7725508e+00  -4.1281476e-01  -4.2710155e-01
   2.0000000e+00  -2.0244561e-01  -6.1251000e-01  -4.5598790e-01  -1.7025025e-01  -3.8448847e-01   9.7798394e-01
   2.0000000e+00   1.3417302e+00   9.0085292e-01  -8.7166174e-01   8.8576210e-02   2.1458007e+00  -1.3623783e+00
   2.0000000e+00   8.6475008e-01   1.1973750e+00   1.4107060e+00   8.3761362e-01   9.6298232e-01  -1.8697691e-01
   1.0000000e+00   5.3774917e-02   4.1783030e-01   2.8304468e-01   4.2427341e-01  -1.6375733e+00   3.3979798e-01
   2.0000000e+00   5.5897914e-01   3.2264316e-01  -7.1872132e-01  -4.4699921e-01   6.3804220e-02  -9.4359413e-01
   2.0000000e+00  -1.1056694e+00   1.3170368e+00   7.8225008e-01  -6.6875218e-01   1.1437771e-01   7.9255760e-01
   2.0000000e+00   2.2470234e+00   4.9505509e-01  -3.9212869e-01  -1.0248067e-01   8.5823937e-01  -2.4119294e-01
   1.0000000e+00   1.2040556e+00   6.0061944e-01   1.8503943e+00  -3.6529908e-01  -3.3442843e-01   1.5241602e-01
   2.0000000e+00  -3.2608818e-01  -1.0915801e+00   1.5934980e+00   3.3927295e+00  -1.0863280e+00  -2.2035277e+00
   2.0000000e+00   6.8796247e-02  -1.2477961e+00  -1.9233176e-01  -1.7383942e+00  -7.2019419e-01  -4.7637715e-01
   2.0000000e+00  -1.6221080e+00  -1.6051577e+00   1.5455959e-01   1.3145741e+00  -6.1048069e-01   3.5509136e-01
   2.0000000e+00   1.1931956e+00  -9.5711674e-02  -1.5516059e+00  -1.0322059e+00   1.3989741e+00  -1.5153566e+00
   2.0000000e+00   1.4793468e+00  -1.3997847e+00   1.3520295e+00   4.3712662e-01   1.5462686e+00   1.4986559e+00
   2.0000000e+00  -3.8169236e-01  -8.5864110e-01  -8.6707833e-02  -1.1484932e+00  -2.5359162e-02  -1.3428665e+00
   2.0000000e+00  -1.3795422e+00   4.5886201e-01  -2.4608509e-01  -2.5613642e-01  -2.3327055e-01   1.2636238e+00
   2.0000000e+00  -4.0439235e-01   1.7471669e+00  -5.8092777e-02   4.0703629e-01   3.7838272e-01  -8.2727958e-01
   2.0000000e+00   8.3212231e-01   6.6677242e-02   8.3580836e-01   3.3563210e-01  -3.0432552e-01  -1.4064636e+00
   1.0000000e+00   1.5479029e-01  -4.2295942e-01   1.2133479e+00   2.6686697e-01  -3.1998773e-01   5.2259334e-01
   2.0000000e+00  -7.6515908e-01  -1.0530135e+00   1.1665473e+00   8.5419532e-01  -9.5973126e-01   1.1943129e+00
   2.0000000e+00  -1.0235919e-01   1.9570333e+00  -1.6829217e-01  -2.0185055e+00   8.1447942e-01   1.0206343e+00
   2.0000000e+00  -4.6108126e-01  -2.4026858e-01   1.4743711e+00   2.3508768e-01   1.3990760e+00   1.7938410e+00
   2.0000000e+00  -1.9493065e-01   9.0790758e-01  -1.1134243e+00  -1.5864439e+00   9.7591161e-01   5.2509773e-01
   2.0000000e+00  -6.8604063e-01  -1.0980369e+00  -2.9509930e-01  -7.3491311e-01   4.2483139e-01  -2.0114741e+00
   1.0000000e+00   1.7043637e+00   7.4811959e-01  -9.3400727e-01   5.0171065e-01   9.6522189e-02   5.5020619e-01
   2.0000000e+00  -1.4159968e+00   8.6612715e-01   9.7929295e-01  -1.2714526e+00   5.2078822e-01  -1.6002758e-01
   2.0000000e+00   2.1716863e-01   5.8701224e-01   1.8804439e-01  -1.0821249e+00  -2.3251342e-02  -1.3467792e+00
   1.0000000e+00  -3.2631931e-01  -5.0325345e-02   9.1040662e-01  -2.1192283e+00   1.0372718e+00   5.0029655e-01
   2.0000000e+00   4.6312472e-01  -3.1174168e+00   1.8844448e+00  -1.9547890e+00   1.0659870e+00  -6.9846446e-01
   2.0000000e+00  -5.5536764e-02  -4.5958601e-01  -1.0877295e+00   1.1795318e+00   4.6857330e-03   9.7092949e-01
   2.0000000e+00   1.0748112e+00  -6.7129269e-01   1.4415947e-01  -1.1872027e-01  -3.4646004e-01  -4.6248093e-01
   2.0000000e+00  -6.2550863e-01  -5.2923588e-01   1.1427549e+00   3.6468856e-01   1.9214282e+00  -1.3700459e-01
   2.0000000e+00   9.9922582e-01   6.2511030e-01   1.4521135e+00   8.3758182e-01   1.6212025e+00  -1.1726098e+00
   2.0000000e+00  -7.0725432e-01   1.1983706e+00   1.2250283e+00  -4.4740280e-03  -5.3631676e-01   3.7631695e-01
   1.0000000e+00  -1.4106967e+00  -8.0929155e-01  -9.9394448e-01   7.0841942e-01  -2.7267440e-01   2.2698301e-01
   2.0000000e+00  -7.0675379e-01   7.5091024e-01   4.7639229e-01   4.9648909e-01   8.7555168e-01   2.1148036e+00
   1.0000000e+00   1.9786822e+00  -1.1147527e-01  -4.5812287e-01   4.0732462e-01   1.0333020e-01   6.7148258e-02
   1.0000000e+00  -1.5613000e+00  -1.9231967e-01  -1.4010296e+00   6.9237495e-01  -1.1190602e+00   5.2903223e-01
   2.0000000e+00   9.5969571e-01  -1.7260766e+00   7.8046414e-01   7.9903514e-01   7.4701357e-01   6.1032786e-02
   2.0000000e+00   1.1750101e+00  -1.5966904e-01   1.4941243e+00   1.9462360e-01  -2.1665459e+00  -2.8118038e-01
   2.0000000e+00   1.3457426e-01  -7.7060952e-01   4.1507176e-01   1.4465487e+00  -7.2612216e-01  -6.6008613e-01
   1.0000000e+00  -6.6594824e-01  -7.4277169e-02   7.6555866e-01   6.3189965e-02  -2.9332595e-01   2.6317068e-01
   2.0000000e+00  -1.7346896e+00   1.4637247e+00  -2.4960444e-02  -6.1671010e-01  -4.4887409e-01   1.5469491e+00
   2.0000000e+00   4.1574328e-02   2.1697801e+00  -1.1908465e+00  -6.6633036e-01  -3.1308582e-01  -1.4988510e-01
   2.0000000e+00  -9.4374379e-01  -5.9126500e-01  -1.8413835e-01  -1.0184077e-02   1.3146593e-01  -1.9087881e+00
   2.0000000e+00   2.0032864e-01  -5.8101478e-01  -2.1366435e-01  -2.2666989e-01  -1.5257065e-01  -6.0228646e-01
   2.0000000e+00   1.1336074e-01  -1.3258058e+00  -8.4218438e-01   1.9789940e-01   3.0687352e-02  -1.0325165e+00
   2.0000000e+00  -7.5576543e-01  -2.0759014e+00   8.8129765e-02  -1.2554943e+00  -2.4033786e-01   3.3070798e-01
   2.0000000e+00  -5.5446613e-01   1.0498441e+00  -9.4620811e-01   3.7375436e-01  -1.0709291e+00   1.5206896e+00
   2.0000000e+00  -1.9199850e-02  -9.7289516e-01  -1.9869934e+00  -5.6974214e-02   3.6246780e-01  -1.4847601e+00
   1.0000000e+00  -2.1110922e-01   2.2798013e-01   7.3604530e-01   1.1683082e-01  -3.0927396e-01   4.2040872e-02
   2.0000000e+00   1.0692629e+00   7.6543835e-01   1.8828566e+00   7.1985613e-01  -5.2727306e-01  -1.2318164e+00
   2.0000000e+00  -2.2581224e-01   1.2342176e+00  -1.6251461e+00  -1.4309741e+00  -1.6237522e+00  -5.5469481e-01
   1.0000000e+00  -3.9676576e-01   6.0376595e-01  -3.5311109e-01  -4.7068408e-01   6.6989659e-01   1.4093324e-01
   1.0000000e+00   7.4952066e-01   9.1435332e-01   7.6791645e-01  -3.6247424e-01  -2.0486770e-01   2.8567886e-01
   2.0000000e+00  -2.1890661e+00  -1.3322108e+00   1.4176089e+00   8.2614874e-02   6.7718915e-01   5.5956513e-01
   1.0000000e+00  -1.4675879e+00  -8.9103928e-01  -6.7660848e-01   4.8312173e-01   8.2426572e-01   4.4415609e-01
   2.0000000e+00  -4.8452722e-02   1.1599191e-01   1.3678276e+00  -6.8736024e-02   8.0467589e-01  -2.0633516e-01
   1.0000000e+00  -8.7370348e-01   9.2698710e-03  -1.1998417e+00   4.8085046e-01  -1.4310539e-01   7.3494141e-02
   2.0000000e+00  -4.8921517e-01   1.1059088e+00   2.0918094e+00  -6.6768256e-01  -6.4464115e-01   7.4436843e-01
   2.0000000e+00   8.2713620e-01   1.0270616e+00  -1.3853355e-01  -2.6352112e-01   1.2886773e+00  -6.6153643e-01
   2.0000000e+00   1.9400413e-01   1.6701326e+00   2.1108404e-01   1.9172665e+00  -6.8177029e-01   1.7609241e+00
   2.0000000e+00   1.5179703e+00   6.5322129e-01  -1.9937087e+00  -1.5860029e+00  -2.3397722e+00  -1.0543007e+00
   2.0000000e+00   3.9830967e-01  -8.5979757e-01   1.0772784e-02   2.3460048e-01   1.2151758e+00   9.0144096e-01
   1.0000000e+00   2.0735320e+00   8.2637463e-01   5.5533301e-01  -3.4834453e-01   6.6590822e-01   1.4538285e-01
   1.0000000e+00  -4.9748430e-01   3.7146772e-01  -7.8749831e-02   1.3773660e-02  -1.0705687e+00   8.7677886e-01
   2.0000000e+00  -1.2937787e+00  -1.5303818e+00   1.3697999e+00   5.5697021e-01   4.4886736e-01   6.7290646e-01
   1.0000000e+00  -6.7591368e-01  -7.1734450e-01   2.7537899e-01  -7.4432802e-01   2.5149198e-01   4.6992330e-01
   2.0000000e+00  -5.6797719e-01   1.0594463e+00   9.0006802e-01   8.1956616e-01   2.3883954e-01   2.4843123e-01
   2.0000000e+00   1.6253891e-02   8.4585655e-01  -6.5897506e-01  -5.4064244e-01  -7.8749962e-01   7.9688727e-01
   2.0000000e+00   1.6128095e+00  -2.6679312e+00   1.6077243e+00  -8.5269963e-01   1.0356989e+00   9.7296094e-01
   2.0000000e+00   9.2492848e-01  -3.7276575e-01  -7.9895619e-01  -1.6239729e-01   1.2811318e+00  -1.7335797e-01
   2.0000000e+00  -1.3390880e+00   1.6478137e-01   5.1398745e-01  -1.8605460e+00   9.0580119e-01  -1.3348871e+00
   2.0000000e+00   6.3902954e-01   2.0451007e-01  -8.9061719e-01  -6.2035461e-02  -2.5232018e+00  -2.0166069e-01
   2.0000000e+00   6.2089001e-02  -2.0288567e+00  -4.6557758e-03  -5.9958579e-01  -5.4556083e-01   2.2920903e+00
   2.0000000e+00  -5.7460373e-01  -1.6215779e+00  -2.8138534e+00  -1.4049792e+00  -4.1139790e-01  -7.1237145e-01
   2.0000000e+00  -8.6768245e-02   1.2518269e+00   6.9938382e-01   5.5657367e-01  -1.0807790e+00  -4.5172918e-01
   2.0000000e+00  -1.6649331e-01  -1.1962610e+00   8.4936957e-01   1.3160905e+00   3.8321457e-01  -3.4571014e-01
   1.0000000e+00  -1.1564773e+00   4.2600889e-01  -4.0098749e-01  -1.6935213e-01   5.8729074e-01   1.0711814e-01
   2.0000000e+00   9.1417141e-02   3.5855263e-01   1.1262087e+00   8.9455267e-01  -6.3964160e-01   2.2058249e+00
   2.0000000e+00  -1.1823650e+00   1.5278838e+00   5.7609892e-02  -6.1543307e-01   3.1547512e-01   2.7026876e-01
   2.0000000e+00  -1.5054849e+00  -4.5794704e-01  -1.8505780e-01  -8.9135127e-01  -1.3597185e+00  -4.1666587e-02
   2.0000000e+00  -1.0075697e+00  -2.1421237e-01   1.1426930e-01  -8.2305091e-01   4.2591461e-01  -1.3196448e+00
   2.0000000e+00   4.2585380e-01  -9.7843646e-01  -1.0623947e+00  -6.0749321e-01  -1.0398198e+00   4.3598111e-01
   2.0000000e+00  -2.6418186e-01   1.2378566e+00  -7.5943426e-02  -6.4534785e-01  -8.5092412e-01  -7.2026325e-02
   2.0000000e+00   5.1662986e-01  -1.5932054e+00   2.9812576e-01   2.4101365e+00   6.7743423e-01  -7.5660007e-01
   2.0000000e+00  -4.1433072e-01  -3.2204002e-01  -1.2112960e+00  -5.6027315e-02   1.2637964e+00  -1.5339998e+00
   2.0000000e+00  -1.6718258e+00   1.3538168e+00   5.3728527e-01   6.2732772e-01  -5.5210951e-01   7.8607189e-01
   1.0000000e+00   4.8100116e-01   5.0861017e-01  -8.6872447e-01  -7.1484836e-01   8.7233440e-02   4.3173045e-01
   1.0000000e+00  -2.3685978e+00   3.8103717e-01   1.8790461e+00  -1.1541189e+00  -2.4985508e-01   2.1567868e-01
   2.0000000e+00   3.4876172e-01   2.6981502e-01  -7.8783553e-01  -1.0580256e+00  -2.9044783e-01  -1.2277915e+00
   2.0000000e+00   6.6525121e-01  -1.5336483e+00   1.1768166e-01   6.6598402e-01   1.5763102e+00  -6.7675808e-01
   2.0000000e+00  -6.7725097e-02   1.2037904e+00  -6.9284216e-01   2.1318746e+00   3.0807847e-01  -8.4144450e-01
   2.0000000e+00  -2.6569464e-01  -1.7165711e-01  -5.0205813e-01  -3.3237496e-01  -3.1033259e-01  -6.7286582e-02
   2.0000000e+00   1.5666853e+00   9.2564241e-01  -1.3342447e+00   3.1571055e-01  -3.2579886e-01  -4.7707987e-01
   2.0000000e+00   4.9167577e-01   2.6829105e+00  -4.5029388e-01   5.1563210e-01   1.6077411e+00  -5.4066043e-01
   2.0000000e+00   1.0423129e+00  -5.1112899e-01  -1.7896382e+00  -6.4815404e-01   3.3895669e+00  -1.0850239e-01
   2.0000000e+00   4.3157725e-01   4.3437904e-01   9.6673535e-01  -4.0724337e-01   7.4013822e-01  -6.7682721e-01
   1.0000000e+00  -9.6229911e-01  -1.9291418e-01   1.0503880e+00   3.2082690e-01  -7.6682679e-01   4.2781117e-01
   2.0000000e+00   1.9126030e-01  -1.3538647e+00  -1.2641531e+00  -1.6259373e+00  -1.1323265e+00   6.5402975e-01
   2.0000000e+00   1.7934961e+00   1.4427911e+00   2.7617725e-01  -1.1612027e-01   5.7302770e-01   1.0822635e-01
   2.0000000e+00   2.4210242e+00  -1.0762588e+00  -8.0589868e-01  -5.9020361e-01   2.2091526e+00   2.1932773e-01
   2.0000000e+00   9.9962556e-01   1.1170581e+00  -1.5859170e+00   1.2426289e+00  -9.8542985e-03   6.7799231e-01
   2.0000000e+00   7.1986042e-01   1.7791167e-01  -2.8254879e-01  -9.5917945e-01  -2.8313860e+00  -1.5691064e+00
   2.0000000e+00   2.2523249e+00   9.9105489e-01  -1.1216569e+00  -2.4982527e-01   6.5172044e-01   8.0136219e-01
